(kicad_pcb (version 20171130) (host pcbnew 5.0.1)

  (general
    (thickness 1.6)
    (drawings 4)
    (tracks 82)
    (zones 0)
    (modules 10)
    (nets 29)
  )

  (page A4)
  (layers
    (0 F.Cu signal)
    (31 B.Cu signal)
    (32 B.Adhes user)
    (33 F.Adhes user)
    (34 B.Paste user)
    (35 F.Paste user)
    (36 B.SilkS user)
    (37 F.SilkS user)
    (38 B.Mask user)
    (39 F.Mask user)
    (40 Dwgs.User user)
    (41 Cmts.User user)
    (42 Eco1.User user)
    (43 Eco2.User user)
    (44 Edge.Cuts user)
    (45 Margin user)
    (46 B.CrtYd user)
    (47 F.CrtYd user)
    (48 B.Fab user)
    (49 F.Fab user)
  )

  (setup
    (last_trace_width 0.25)
    (trace_clearance 0.2)
    (zone_clearance 0.508)
    (zone_45_only no)
    (trace_min 0.2)
    (segment_width 0.2)
    (edge_width 0.15)
    (via_size 0.8)
    (via_drill 0.4)
    (via_min_size 0.4)
    (via_min_drill 0.3)
    (uvia_size 0.3)
    (uvia_drill 0.1)
    (uvias_allowed no)
    (uvia_min_size 0.2)
    (uvia_min_drill 0.1)
    (pcb_text_width 0.3)
    (pcb_text_size 1.5 1.5)
    (mod_edge_width 0.15)
    (mod_text_size 1 1)
    (mod_text_width 0.15)
    (pad_size 1.524 1.524)
    (pad_drill 0.762)
    (pad_to_mask_clearance 0.051)
    (solder_mask_min_width 0.25)
    (aux_axis_origin 0 0)
    (grid_origin 12.065 11.43)
    (visible_elements FFFFFF7F)
    (pcbplotparams
      (layerselection 0x010fc_ffffffff)
      (usegerberextensions false)
      (usegerberattributes false)
      (usegerberadvancedattributes false)
      (creategerberjobfile false)
      (excludeedgelayer true)
      (linewidth 0.100000)
      (plotframeref false)
      (viasonmask false)
      (mode 1)
      (useauxorigin false)
      (hpglpennumber 1)
      (hpglpenspeed 20)
      (hpglpendiameter 15.000000)
      (psnegative false)
      (psa4output false)
      (plotreference true)
      (plotvalue true)
      (plotinvisibletext false)
      (padsonsilk false)
      (subtractmaskfromsilk false)
      (outputformat 1)
      (mirror false)
      (drillshape 1)
      (scaleselection 1)
      (outputdirectory ""))
  )

  (net 0 "")
  (net 1 "Net-(J1-Pad1)")
  (net 2 "Net-(J1-Pad2)")
  (net 3 "Net-(J1-Pad3)")
  (net 4 "Net-(J1-Pad4)")
  (net 5 "Net-(J1-Pad5)")
  (net 6 "Net-(J1-Pad6)")
  (net 7 "Net-(J1-Pad7)")
  (net 8 "Net-(J1-Pad8)")
  (net 9 "Net-(J1-Pad9)")
  (net 10 "Net-(J1-Pad10)")
  (net 11 "Net-(J1-Pad11)")
  (net 12 "Net-(J1-Pad12)")
  (net 13 "Net-(J1-Pad13)")
  (net 14 "Net-(J1-Pad14)")
  (net 15 "Net-(J1-Pad15)")
  (net 16 "Net-(J1-Pad16)")
  (net 17 "Net-(J1-Pad17)")
  (net 18 "Net-(J1-Pad18)")
  (net 19 "Net-(J1-Pad19)")
  (net 20 "Net-(J1-Pad20)")
  (net 21 "Net-(R1-Pad1)")
  (net 22 "Net-(R2-Pad1)")
  (net 23 "Net-(R3-Pad1)")
  (net 24 "Net-(R4-Pad1)")
  (net 25 "Net-(R5-Pad1)")
  (net 26 "Net-(R6-Pad1)")
  (net 27 "Net-(R7-Pad1)")
  (net 28 "Net-(R8-Pad1)")

  (net_class Default "This is the default net class."
    (clearance 0.2)
    (trace_width 0.25)
    (via_dia 0.8)
    (via_drill 0.4)
    (uvia_dia 0.3)
    (uvia_drill 0.1)
    (add_net "Net-(J1-Pad1)")
    (add_net "Net-(J1-Pad10)")
    (add_net "Net-(J1-Pad11)")
    (add_net "Net-(J1-Pad12)")
    (add_net "Net-(J1-Pad13)")
    (add_net "Net-(J1-Pad14)")
    (add_net "Net-(J1-Pad15)")
    (add_net "Net-(J1-Pad16)")
    (add_net "Net-(J1-Pad17)")
    (add_net "Net-(J1-Pad18)")
    (add_net "Net-(J1-Pad19)")
    (add_net "Net-(J1-Pad2)")
    (add_net "Net-(J1-Pad20)")
    (add_net "Net-(J1-Pad3)")
    (add_net "Net-(J1-Pad4)")
    (add_net "Net-(J1-Pad5)")
    (add_net "Net-(J1-Pad6)")
    (add_net "Net-(J1-Pad7)")
    (add_net "Net-(J1-Pad8)")
    (add_net "Net-(J1-Pad9)")
    (add_net "Net-(R1-Pad1)")
    (add_net "Net-(R2-Pad1)")
    (add_net "Net-(R3-Pad1)")
    (add_net "Net-(R4-Pad1)")
    (add_net "Net-(R5-Pad1)")
    (add_net "Net-(R6-Pad1)")
    (add_net "Net-(R7-Pad1)")
    (add_net "Net-(R8-Pad1)")
  )

  (module Display_7Segment:CA56-12SEKWA (layer F.Cu) (tedit 5A02FE84) (tstamp 5C23BA94)
    (at 32.385 48.895 180)
    (descr "4 digit 7 segment green LED, http://www.kingbright.com/attachments/file/psearch/000/00/00/CA56-12SEKWA(Ver.7A).pdf")
    (tags "4 digit 7 segment green LED")
    (path /5C1632ED)
    (fp_text reference U1 (at -0.45 -20.19 180) (layer F.SilkS)
      (effects (font (size 1 1) (thickness 0.15)))
    )
    (fp_text value CC56-12SEKWA (at 3.43 33.01 180) (layer F.Fab)
      (effects (font (size 1 1) (thickness 0.15)))
    )
    (fp_line (start -2 -18.92) (end 17.24 -18.92) (layer F.SilkS) (width 0.12))
    (fp_line (start -2 -18.92) (end -2 31.62) (layer F.SilkS) (width 0.12))
    (fp_line (start -2 31.62) (end 17.24 31.62) (layer F.SilkS) (width 0.12))
    (fp_line (start 17.24 31.62) (end 17.24 -18.92) (layer F.SilkS) (width 0.12))
    (fp_line (start -1.88 1) (end -0.88 0) (layer F.Fab) (width 0.1))
    (fp_line (start -0.88 0) (end -1.88 -1) (layer F.Fab) (width 0.1))
    (fp_line (start -1.88 -1) (end -1.88 -18.8) (layer F.Fab) (width 0.1))
    (fp_line (start -2.13 -19.05) (end 17.37 -19.05) (layer F.CrtYd) (width 0.05))
    (fp_line (start 17.37 -19.05) (end 17.37 31.75) (layer F.CrtYd) (width 0.05))
    (fp_line (start 17.37 31.75) (end -2.13 31.75) (layer F.CrtYd) (width 0.05))
    (fp_line (start -2.13 31.75) (end -2.13 -19.05) (layer F.CrtYd) (width 0.05))
    (fp_line (start -2.38 -1) (end -2.38 1) (layer F.SilkS) (width 0.12))
    (fp_line (start -1.88 -18.8) (end 17.12 -18.8) (layer F.Fab) (width 0.1))
    (fp_line (start 17.12 -18.8) (end 17.12 31.5) (layer F.Fab) (width 0.1))
    (fp_line (start -1.88 31.5) (end 17.12 31.5) (layer F.Fab) (width 0.1))
    (fp_line (start -1.88 1) (end -1.88 31.5) (layer F.Fab) (width 0.1))
    (fp_text user %R (at 8.128 6.604 180) (layer F.Fab)
      (effects (font (size 1 1) (thickness 0.15)))
    )
    (pad 1 thru_hole rect (at 0 0 180) (size 1.5 1.5) (drill 1) (layers *.Cu *.Mask)
      (net 21 "Net-(R1-Pad1)"))
    (pad 2 thru_hole circle (at 0 2.54 180) (size 1.5 1.5) (drill 1) (layers *.Cu *.Mask)
      (net 22 "Net-(R2-Pad1)"))
    (pad 3 thru_hole circle (at 0 5.08 180) (size 1.5 1.5) (drill 1) (layers *.Cu *.Mask)
      (net 23 "Net-(R3-Pad1)"))
    (pad 4 thru_hole circle (at 0 7.62 180) (size 1.5 1.5) (drill 1) (layers *.Cu *.Mask)
      (net 24 "Net-(R4-Pad1)"))
    (pad 5 thru_hole circle (at 0 10.16 180) (size 1.5 1.5) (drill 1) (layers *.Cu *.Mask)
      (net 25 "Net-(R5-Pad1)"))
    (pad 6 thru_hole circle (at 0 12.7 180) (size 1.5 1.5) (drill 1) (layers *.Cu *.Mask)
      (net 7 "Net-(J1-Pad7)"))
    (pad 7 thru_hole circle (at 15.24 12.7 180) (size 1.5 1.5) (drill 1) (layers *.Cu *.Mask)
      (net 26 "Net-(R6-Pad1)"))
    (pad 8 thru_hole circle (at 15.24 10.16 180) (size 1.5 1.5) (drill 1) (layers *.Cu *.Mask)
      (net 18 "Net-(J1-Pad18)"))
    (pad 9 thru_hole circle (at 15.24 7.62 180) (size 1.5 1.5) (drill 1) (layers *.Cu *.Mask)
      (net 16 "Net-(J1-Pad16)"))
    (pad 10 thru_hole circle (at 15.24 5.08 180) (size 1.5 1.5) (drill 1) (layers *.Cu *.Mask)
      (net 27 "Net-(R7-Pad1)"))
    (pad 11 thru_hole circle (at 15.24 2.54 180) (size 1.5 1.5) (drill 1) (layers *.Cu *.Mask)
      (net 28 "Net-(R8-Pad1)"))
    (pad 12 thru_hole circle (at 15.24 0 180) (size 1.5 1.5) (drill 1) (layers *.Cu *.Mask)
      (net 6 "Net-(J1-Pad6)"))
    (model ${KISYS3DMOD}/Display_7Segment.3dshapes/CA56-12SEKWA.wrl
      (at (xyz 0 0 0))
      (scale (xyz 1 1 1))
      (rotate (xyz 0 0 0))
    )
  )

  (module Connector_PinHeader_2.54mm:PinHeader_2x10_P2.54mm_Vertical (layer F.Cu) (tedit 59FED5CC) (tstamp 5C23B9EB)
    (at 46.355 49.53)
    (descr "Through hole straight pin header, 2x10, 2.54mm pitch, double rows")
    (tags "Through hole pin header THT 2x10 2.54mm double row")
    (path /5C178259)
    (fp_text reference J1 (at 1.27 -2.33) (layer F.SilkS)
      (effects (font (size 1 1) (thickness 0.15)))
    )
    (fp_text value Conn_02x10_Odd_Even (at 1.27 25.19) (layer F.Fab)
      (effects (font (size 1 1) (thickness 0.15)))
    )
    (fp_line (start 0 -1.27) (end 3.81 -1.27) (layer F.Fab) (width 0.1))
    (fp_line (start 3.81 -1.27) (end 3.81 24.13) (layer F.Fab) (width 0.1))
    (fp_line (start 3.81 24.13) (end -1.27 24.13) (layer F.Fab) (width 0.1))
    (fp_line (start -1.27 24.13) (end -1.27 0) (layer F.Fab) (width 0.1))
    (fp_line (start -1.27 0) (end 0 -1.27) (layer F.Fab) (width 0.1))
    (fp_line (start -1.33 24.19) (end 3.87 24.19) (layer F.SilkS) (width 0.12))
    (fp_line (start -1.33 1.27) (end -1.33 24.19) (layer F.SilkS) (width 0.12))
    (fp_line (start 3.87 -1.33) (end 3.87 24.19) (layer F.SilkS) (width 0.12))
    (fp_line (start -1.33 1.27) (end 1.27 1.27) (layer F.SilkS) (width 0.12))
    (fp_line (start 1.27 1.27) (end 1.27 -1.33) (layer F.SilkS) (width 0.12))
    (fp_line (start 1.27 -1.33) (end 3.87 -1.33) (layer F.SilkS) (width 0.12))
    (fp_line (start -1.33 0) (end -1.33 -1.33) (layer F.SilkS) (width 0.12))
    (fp_line (start -1.33 -1.33) (end 0 -1.33) (layer F.SilkS) (width 0.12))
    (fp_line (start -1.8 -1.8) (end -1.8 24.65) (layer F.CrtYd) (width 0.05))
    (fp_line (start -1.8 24.65) (end 4.35 24.65) (layer F.CrtYd) (width 0.05))
    (fp_line (start 4.35 24.65) (end 4.35 -1.8) (layer F.CrtYd) (width 0.05))
    (fp_line (start 4.35 -1.8) (end -1.8 -1.8) (layer F.CrtYd) (width 0.05))
    (fp_text user %R (at 1.27 11.43 90) (layer F.Fab)
      (effects (font (size 1 1) (thickness 0.15)))
    )
    (pad 1 thru_hole rect (at 0 0) (size 1.7 1.7) (drill 1) (layers *.Cu *.Mask)
      (net 1 "Net-(J1-Pad1)"))
    (pad 2 thru_hole oval (at 2.54 0) (size 1.7 1.7) (drill 1) (layers *.Cu *.Mask)
      (net 2 "Net-(J1-Pad2)"))
    (pad 3 thru_hole oval (at 0 2.54) (size 1.7 1.7) (drill 1) (layers *.Cu *.Mask)
      (net 3 "Net-(J1-Pad3)"))
    (pad 4 thru_hole oval (at 2.54 2.54) (size 1.7 1.7) (drill 1) (layers *.Cu *.Mask)
      (net 4 "Net-(J1-Pad4)"))
    (pad 5 thru_hole oval (at 0 5.08) (size 1.7 1.7) (drill 1) (layers *.Cu *.Mask)
      (net 5 "Net-(J1-Pad5)"))
    (pad 6 thru_hole oval (at 2.54 5.08) (size 1.7 1.7) (drill 1) (layers *.Cu *.Mask)
      (net 6 "Net-(J1-Pad6)"))
    (pad 7 thru_hole oval (at 0 7.62) (size 1.7 1.7) (drill 1) (layers *.Cu *.Mask)
      (net 7 "Net-(J1-Pad7)"))
    (pad 8 thru_hole oval (at 2.54 7.62) (size 1.7 1.7) (drill 1) (layers *.Cu *.Mask)
      (net 8 "Net-(J1-Pad8)"))
    (pad 9 thru_hole oval (at 0 10.16) (size 1.7 1.7) (drill 1) (layers *.Cu *.Mask)
      (net 9 "Net-(J1-Pad9)"))
    (pad 10 thru_hole oval (at 2.54 10.16) (size 1.7 1.7) (drill 1) (layers *.Cu *.Mask)
      (net 10 "Net-(J1-Pad10)"))
    (pad 11 thru_hole oval (at 0 12.7) (size 1.7 1.7) (drill 1) (layers *.Cu *.Mask)
      (net 11 "Net-(J1-Pad11)"))
    (pad 12 thru_hole oval (at 2.54 12.7) (size 1.7 1.7) (drill 1) (layers *.Cu *.Mask)
      (net 12 "Net-(J1-Pad12)"))
    (pad 13 thru_hole oval (at 0 15.24) (size 1.7 1.7) (drill 1) (layers *.Cu *.Mask)
      (net 13 "Net-(J1-Pad13)"))
    (pad 14 thru_hole oval (at 2.54 15.24) (size 1.7 1.7) (drill 1) (layers *.Cu *.Mask)
      (net 14 "Net-(J1-Pad14)"))
    (pad 15 thru_hole oval (at 0 17.78) (size 1.7 1.7) (drill 1) (layers *.Cu *.Mask)
      (net 15 "Net-(J1-Pad15)"))
    (pad 16 thru_hole oval (at 2.54 17.78) (size 1.7 1.7) (drill 1) (layers *.Cu *.Mask)
      (net 16 "Net-(J1-Pad16)"))
    (pad 17 thru_hole oval (at 0 20.32) (size 1.7 1.7) (drill 1) (layers *.Cu *.Mask)
      (net 17 "Net-(J1-Pad17)"))
    (pad 18 thru_hole oval (at 2.54 20.32) (size 1.7 1.7) (drill 1) (layers *.Cu *.Mask)
      (net 18 "Net-(J1-Pad18)"))
    (pad 19 thru_hole oval (at 0 22.86) (size 1.7 1.7) (drill 1) (layers *.Cu *.Mask)
      (net 19 "Net-(J1-Pad19)"))
    (pad 20 thru_hole oval (at 2.54 22.86) (size 1.7 1.7) (drill 1) (layers *.Cu *.Mask)
      (net 20 "Net-(J1-Pad20)"))
    (model ${KISYS3DMOD}/Connector_PinHeader_2.54mm.3dshapes/PinHeader_2x10_P2.54mm_Vertical.wrl
      (at (xyz 0 0 0))
      (scale (xyz 1 1 1))
      (rotate (xyz 0 0 0))
    )
  )

  (module Resistor_SMD:R_1206_3216Metric_Pad1.42x1.75mm_HandSolder (layer F.Cu) (tedit 5B301BBD) (tstamp 5C23B9FC)
    (at 40.005 61.595)
    (descr "Resistor SMD 1206 (3216 Metric), square (rectangular) end terminal, IPC_7351 nominal with elongated pad for handsoldering. (Body size source: http://www.tortai-tech.com/upload/download/2011102023233369053.pdf), generated with kicad-footprint-generator")
    (tags "resistor handsolder")
    (path /5C16450A)
    (attr smd)
    (fp_text reference R1 (at 0 -1.82) (layer F.SilkS)
      (effects (font (size 1 1) (thickness 0.15)))
    )
    (fp_text value 300 (at 0 1.82) (layer F.Fab)
      (effects (font (size 1 1) (thickness 0.15)))
    )
    (fp_text user %R (at 0 0) (layer F.Fab)
      (effects (font (size 0.8 0.8) (thickness 0.12)))
    )
    (fp_line (start 2.45 1.12) (end -2.45 1.12) (layer F.CrtYd) (width 0.05))
    (fp_line (start 2.45 -1.12) (end 2.45 1.12) (layer F.CrtYd) (width 0.05))
    (fp_line (start -2.45 -1.12) (end 2.45 -1.12) (layer F.CrtYd) (width 0.05))
    (fp_line (start -2.45 1.12) (end -2.45 -1.12) (layer F.CrtYd) (width 0.05))
    (fp_line (start -0.602064 0.91) (end 0.602064 0.91) (layer F.SilkS) (width 0.12))
    (fp_line (start -0.602064 -0.91) (end 0.602064 -0.91) (layer F.SilkS) (width 0.12))
    (fp_line (start 1.6 0.8) (end -1.6 0.8) (layer F.Fab) (width 0.1))
    (fp_line (start 1.6 -0.8) (end 1.6 0.8) (layer F.Fab) (width 0.1))
    (fp_line (start -1.6 -0.8) (end 1.6 -0.8) (layer F.Fab) (width 0.1))
    (fp_line (start -1.6 0.8) (end -1.6 -0.8) (layer F.Fab) (width 0.1))
    (pad 2 smd roundrect (at 1.4875 0) (size 1.425 1.75) (layers F.Cu F.Paste F.Mask) (roundrect_rratio 0.175439)
      (net 17 "Net-(J1-Pad17)"))
    (pad 1 smd roundrect (at -1.4875 0) (size 1.425 1.75) (layers F.Cu F.Paste F.Mask) (roundrect_rratio 0.175439)
      (net 21 "Net-(R1-Pad1)"))
    (model ${KISYS3DMOD}/Resistor_SMD.3dshapes/R_1206_3216Metric.wrl
      (at (xyz 0 0 0))
      (scale (xyz 1 1 1))
      (rotate (xyz 0 0 0))
    )
  )

  (module Resistor_SMD:R_1206_3216Metric_Pad1.42x1.75mm_HandSolder (layer F.Cu) (tedit 5B301BBD) (tstamp 5C23BA0D)
    (at 40.005 56.515)
    (descr "Resistor SMD 1206 (3216 Metric), square (rectangular) end terminal, IPC_7351 nominal with elongated pad for handsoldering. (Body size source: http://www.tortai-tech.com/upload/download/2011102023233369053.pdf), generated with kicad-footprint-generator")
    (tags "resistor handsolder")
    (path /5C164526)
    (attr smd)
    (fp_text reference R2 (at 0 -1.82) (layer F.SilkS)
      (effects (font (size 1 1) (thickness 0.15)))
    )
    (fp_text value 300 (at 0 1.82) (layer F.Fab)
      (effects (font (size 1 1) (thickness 0.15)))
    )
    (fp_line (start -1.6 0.8) (end -1.6 -0.8) (layer F.Fab) (width 0.1))
    (fp_line (start -1.6 -0.8) (end 1.6 -0.8) (layer F.Fab) (width 0.1))
    (fp_line (start 1.6 -0.8) (end 1.6 0.8) (layer F.Fab) (width 0.1))
    (fp_line (start 1.6 0.8) (end -1.6 0.8) (layer F.Fab) (width 0.1))
    (fp_line (start -0.602064 -0.91) (end 0.602064 -0.91) (layer F.SilkS) (width 0.12))
    (fp_line (start -0.602064 0.91) (end 0.602064 0.91) (layer F.SilkS) (width 0.12))
    (fp_line (start -2.45 1.12) (end -2.45 -1.12) (layer F.CrtYd) (width 0.05))
    (fp_line (start -2.45 -1.12) (end 2.45 -1.12) (layer F.CrtYd) (width 0.05))
    (fp_line (start 2.45 -1.12) (end 2.45 1.12) (layer F.CrtYd) (width 0.05))
    (fp_line (start 2.45 1.12) (end -2.45 1.12) (layer F.CrtYd) (width 0.05))
    (fp_text user %R (at 0 0) (layer F.Fab)
      (effects (font (size 0.8 0.8) (thickness 0.12)))
    )
    (pad 1 smd roundrect (at -1.4875 0) (size 1.425 1.75) (layers F.Cu F.Paste F.Mask) (roundrect_rratio 0.175439)
      (net 22 "Net-(R2-Pad1)"))
    (pad 2 smd roundrect (at 1.4875 0) (size 1.425 1.75) (layers F.Cu F.Paste F.Mask) (roundrect_rratio 0.175439)
      (net 15 "Net-(J1-Pad15)"))
    (model ${KISYS3DMOD}/Resistor_SMD.3dshapes/R_1206_3216Metric.wrl
      (at (xyz 0 0 0))
      (scale (xyz 1 1 1))
      (rotate (xyz 0 0 0))
    )
  )

  (module Resistor_SMD:R_1206_3216Metric_Pad1.42x1.75mm_HandSolder (layer F.Cu) (tedit 5B301BBD) (tstamp 5C23BA1E)
    (at 40.005 51.435)
    (descr "Resistor SMD 1206 (3216 Metric), square (rectangular) end terminal, IPC_7351 nominal with elongated pad for handsoldering. (Body size source: http://www.tortai-tech.com/upload/download/2011102023233369053.pdf), generated with kicad-footprint-generator")
    (tags "resistor handsolder")
    (path /5C1644D4)
    (attr smd)
    (fp_text reference R3 (at 0 -1.82) (layer F.SilkS)
      (effects (font (size 1 1) (thickness 0.15)))
    )
    (fp_text value 300 (at 0 1.82) (layer F.Fab)
      (effects (font (size 1 1) (thickness 0.15)))
    )
    (fp_line (start -1.6 0.8) (end -1.6 -0.8) (layer F.Fab) (width 0.1))
    (fp_line (start -1.6 -0.8) (end 1.6 -0.8) (layer F.Fab) (width 0.1))
    (fp_line (start 1.6 -0.8) (end 1.6 0.8) (layer F.Fab) (width 0.1))
    (fp_line (start 1.6 0.8) (end -1.6 0.8) (layer F.Fab) (width 0.1))
    (fp_line (start -0.602064 -0.91) (end 0.602064 -0.91) (layer F.SilkS) (width 0.12))
    (fp_line (start -0.602064 0.91) (end 0.602064 0.91) (layer F.SilkS) (width 0.12))
    (fp_line (start -2.45 1.12) (end -2.45 -1.12) (layer F.CrtYd) (width 0.05))
    (fp_line (start -2.45 -1.12) (end 2.45 -1.12) (layer F.CrtYd) (width 0.05))
    (fp_line (start 2.45 -1.12) (end 2.45 1.12) (layer F.CrtYd) (width 0.05))
    (fp_line (start 2.45 1.12) (end -2.45 1.12) (layer F.CrtYd) (width 0.05))
    (fp_text user %R (at 0 0) (layer F.Fab)
      (effects (font (size 0.8 0.8) (thickness 0.12)))
    )
    (pad 1 smd roundrect (at -1.4875 0) (size 1.425 1.75) (layers F.Cu F.Paste F.Mask) (roundrect_rratio 0.175439)
      (net 23 "Net-(R3-Pad1)"))
    (pad 2 smd roundrect (at 1.4875 0) (size 1.425 1.75) (layers F.Cu F.Paste F.Mask) (roundrect_rratio 0.175439)
      (net 13 "Net-(J1-Pad13)"))
    (model ${KISYS3DMOD}/Resistor_SMD.3dshapes/R_1206_3216Metric.wrl
      (at (xyz 0 0 0))
      (scale (xyz 1 1 1))
      (rotate (xyz 0 0 0))
    )
  )

  (module Resistor_SMD:R_1206_3216Metric_Pad1.42x1.75mm_HandSolder (layer F.Cu) (tedit 5B301BBD) (tstamp 5C23BA2F)
    (at 40.005 46.355)
    (descr "Resistor SMD 1206 (3216 Metric), square (rectangular) end terminal, IPC_7351 nominal with elongated pad for handsoldering. (Body size source: http://www.tortai-tech.com/upload/download/2011102023233369053.pdf), generated with kicad-footprint-generator")
    (tags "resistor handsolder")
    (path /5C1645DB)
    (attr smd)
    (fp_text reference R4 (at 0 -1.82) (layer F.SilkS)
      (effects (font (size 1 1) (thickness 0.15)))
    )
    (fp_text value 300 (at 0 1.82) (layer F.Fab)
      (effects (font (size 1 1) (thickness 0.15)))
    )
    (fp_text user %R (at 0 0) (layer F.Fab)
      (effects (font (size 0.8 0.8) (thickness 0.12)))
    )
    (fp_line (start 2.45 1.12) (end -2.45 1.12) (layer F.CrtYd) (width 0.05))
    (fp_line (start 2.45 -1.12) (end 2.45 1.12) (layer F.CrtYd) (width 0.05))
    (fp_line (start -2.45 -1.12) (end 2.45 -1.12) (layer F.CrtYd) (width 0.05))
    (fp_line (start -2.45 1.12) (end -2.45 -1.12) (layer F.CrtYd) (width 0.05))
    (fp_line (start -0.602064 0.91) (end 0.602064 0.91) (layer F.SilkS) (width 0.12))
    (fp_line (start -0.602064 -0.91) (end 0.602064 -0.91) (layer F.SilkS) (width 0.12))
    (fp_line (start 1.6 0.8) (end -1.6 0.8) (layer F.Fab) (width 0.1))
    (fp_line (start 1.6 -0.8) (end 1.6 0.8) (layer F.Fab) (width 0.1))
    (fp_line (start -1.6 -0.8) (end 1.6 -0.8) (layer F.Fab) (width 0.1))
    (fp_line (start -1.6 0.8) (end -1.6 -0.8) (layer F.Fab) (width 0.1))
    (pad 2 smd roundrect (at 1.4875 0) (size 1.425 1.75) (layers F.Cu F.Paste F.Mask) (roundrect_rratio 0.175439)
      (net 11 "Net-(J1-Pad11)"))
    (pad 1 smd roundrect (at -1.4875 0) (size 1.425 1.75) (layers F.Cu F.Paste F.Mask) (roundrect_rratio 0.175439)
      (net 24 "Net-(R4-Pad1)"))
    (model ${KISYS3DMOD}/Resistor_SMD.3dshapes/R_1206_3216Metric.wrl
      (at (xyz 0 0 0))
      (scale (xyz 1 1 1))
      (rotate (xyz 0 0 0))
    )
  )

  (module Resistor_SMD:R_1206_3216Metric_Pad1.42x1.75mm_HandSolder (layer F.Cu) (tedit 5B301BBD) (tstamp 5C23BA40)
    (at 40.005 41.275)
    (descr "Resistor SMD 1206 (3216 Metric), square (rectangular) end terminal, IPC_7351 nominal with elongated pad for handsoldering. (Body size source: http://www.tortai-tech.com/upload/download/2011102023233369053.pdf), generated with kicad-footprint-generator")
    (tags "resistor handsolder")
    (path /5C164472)
    (attr smd)
    (fp_text reference R5 (at 0 -1.82) (layer F.SilkS)
      (effects (font (size 1 1) (thickness 0.15)))
    )
    (fp_text value 300 (at 0 1.82) (layer F.Fab)
      (effects (font (size 1 1) (thickness 0.15)))
    )
    (fp_text user %R (at 0 0) (layer F.Fab)
      (effects (font (size 0.8 0.8) (thickness 0.12)))
    )
    (fp_line (start 2.45 1.12) (end -2.45 1.12) (layer F.CrtYd) (width 0.05))
    (fp_line (start 2.45 -1.12) (end 2.45 1.12) (layer F.CrtYd) (width 0.05))
    (fp_line (start -2.45 -1.12) (end 2.45 -1.12) (layer F.CrtYd) (width 0.05))
    (fp_line (start -2.45 1.12) (end -2.45 -1.12) (layer F.CrtYd) (width 0.05))
    (fp_line (start -0.602064 0.91) (end 0.602064 0.91) (layer F.SilkS) (width 0.12))
    (fp_line (start -0.602064 -0.91) (end 0.602064 -0.91) (layer F.SilkS) (width 0.12))
    (fp_line (start 1.6 0.8) (end -1.6 0.8) (layer F.Fab) (width 0.1))
    (fp_line (start 1.6 -0.8) (end 1.6 0.8) (layer F.Fab) (width 0.1))
    (fp_line (start -1.6 -0.8) (end 1.6 -0.8) (layer F.Fab) (width 0.1))
    (fp_line (start -1.6 0.8) (end -1.6 -0.8) (layer F.Fab) (width 0.1))
    (pad 2 smd roundrect (at 1.4875 0) (size 1.425 1.75) (layers F.Cu F.Paste F.Mask) (roundrect_rratio 0.175439)
      (net 9 "Net-(J1-Pad9)"))
    (pad 1 smd roundrect (at -1.4875 0) (size 1.425 1.75) (layers F.Cu F.Paste F.Mask) (roundrect_rratio 0.175439)
      (net 25 "Net-(R5-Pad1)"))
    (model ${KISYS3DMOD}/Resistor_SMD.3dshapes/R_1206_3216Metric.wrl
      (at (xyz 0 0 0))
      (scale (xyz 1 1 1))
      (rotate (xyz 0 0 0))
    )
  )

  (module Resistor_SMD:R_1206_3216Metric_Pad1.42x1.75mm_HandSolder (layer F.Cu) (tedit 5B301BBD) (tstamp 5C23BA51)
    (at 48.895 31.75 270)
    (descr "Resistor SMD 1206 (3216 Metric), square (rectangular) end terminal, IPC_7351 nominal with elongated pad for handsoldering. (Body size source: http://www.tortai-tech.com/upload/download/2011102023233369053.pdf), generated with kicad-footprint-generator")
    (tags "resistor handsolder")
    (path /5C164544)
    (attr smd)
    (fp_text reference R6 (at 0 -1.82 270) (layer F.SilkS)
      (effects (font (size 1 1) (thickness 0.15)))
    )
    (fp_text value 300 (at 0 1.82 270) (layer F.Fab)
      (effects (font (size 1 1) (thickness 0.15)))
    )
    (fp_text user %R (at 0 0 270) (layer F.Fab)
      (effects (font (size 0.8 0.8) (thickness 0.12)))
    )
    (fp_line (start 2.45 1.12) (end -2.45 1.12) (layer F.CrtYd) (width 0.05))
    (fp_line (start 2.45 -1.12) (end 2.45 1.12) (layer F.CrtYd) (width 0.05))
    (fp_line (start -2.45 -1.12) (end 2.45 -1.12) (layer F.CrtYd) (width 0.05))
    (fp_line (start -2.45 1.12) (end -2.45 -1.12) (layer F.CrtYd) (width 0.05))
    (fp_line (start -0.602064 0.91) (end 0.602064 0.91) (layer F.SilkS) (width 0.12))
    (fp_line (start -0.602064 -0.91) (end 0.602064 -0.91) (layer F.SilkS) (width 0.12))
    (fp_line (start 1.6 0.8) (end -1.6 0.8) (layer F.Fab) (width 0.1))
    (fp_line (start 1.6 -0.8) (end 1.6 0.8) (layer F.Fab) (width 0.1))
    (fp_line (start -1.6 -0.8) (end 1.6 -0.8) (layer F.Fab) (width 0.1))
    (fp_line (start -1.6 0.8) (end -1.6 -0.8) (layer F.Fab) (width 0.1))
    (pad 2 smd roundrect (at 1.4875 0 270) (size 1.425 1.75) (layers F.Cu F.Paste F.Mask) (roundrect_rratio 0.175439)
      (net 20 "Net-(J1-Pad20)"))
    (pad 1 smd roundrect (at -1.4875 0 270) (size 1.425 1.75) (layers F.Cu F.Paste F.Mask) (roundrect_rratio 0.175439)
      (net 26 "Net-(R6-Pad1)"))
    (model ${KISYS3DMOD}/Resistor_SMD.3dshapes/R_1206_3216Metric.wrl
      (at (xyz 0 0 0))
      (scale (xyz 1 1 1))
      (rotate (xyz 0 0 0))
    )
  )

  (module Resistor_SMD:R_1206_3216Metric_Pad1.42x1.75mm_HandSolder (layer F.Cu) (tedit 5B301BBD) (tstamp 5C23BA62)
    (at 48.895 37.465 270)
    (descr "Resistor SMD 1206 (3216 Metric), square (rectangular) end terminal, IPC_7351 nominal with elongated pad for handsoldering. (Body size source: http://www.tortai-tech.com/upload/download/2011102023233369053.pdf), generated with kicad-footprint-generator")
    (tags "resistor handsolder")
    (path /5C1644EC)
    (attr smd)
    (fp_text reference R7 (at 0 -1.82 270) (layer F.SilkS)
      (effects (font (size 1 1) (thickness 0.15)))
    )
    (fp_text value 300 (at 0 1.82 270) (layer F.Fab)
      (effects (font (size 1 1) (thickness 0.15)))
    )
    (fp_line (start -1.6 0.8) (end -1.6 -0.8) (layer F.Fab) (width 0.1))
    (fp_line (start -1.6 -0.8) (end 1.6 -0.8) (layer F.Fab) (width 0.1))
    (fp_line (start 1.6 -0.8) (end 1.6 0.8) (layer F.Fab) (width 0.1))
    (fp_line (start 1.6 0.8) (end -1.6 0.8) (layer F.Fab) (width 0.1))
    (fp_line (start -0.602064 -0.91) (end 0.602064 -0.91) (layer F.SilkS) (width 0.12))
    (fp_line (start -0.602064 0.91) (end 0.602064 0.91) (layer F.SilkS) (width 0.12))
    (fp_line (start -2.45 1.12) (end -2.45 -1.12) (layer F.CrtYd) (width 0.05))
    (fp_line (start -2.45 -1.12) (end 2.45 -1.12) (layer F.CrtYd) (width 0.05))
    (fp_line (start 2.45 -1.12) (end 2.45 1.12) (layer F.CrtYd) (width 0.05))
    (fp_line (start 2.45 1.12) (end -2.45 1.12) (layer F.CrtYd) (width 0.05))
    (fp_text user %R (at 0 0 270) (layer F.Fab)
      (effects (font (size 0.8 0.8) (thickness 0.12)))
    )
    (pad 1 smd roundrect (at -1.4875 0 270) (size 1.425 1.75) (layers F.Cu F.Paste F.Mask) (roundrect_rratio 0.175439)
      (net 27 "Net-(R7-Pad1)"))
    (pad 2 smd roundrect (at 1.4875 0 270) (size 1.425 1.75) (layers F.Cu F.Paste F.Mask) (roundrect_rratio 0.175439)
      (net 12 "Net-(J1-Pad12)"))
    (model ${KISYS3DMOD}/Resistor_SMD.3dshapes/R_1206_3216Metric.wrl
      (at (xyz 0 0 0))
      (scale (xyz 1 1 1))
      (rotate (xyz 0 0 0))
    )
  )

  (module Resistor_SMD:R_1206_3216Metric_Pad1.42x1.75mm_HandSolder (layer F.Cu) (tedit 5B301BBD) (tstamp 5C23BA73)
    (at 48.895 43.18 270)
    (descr "Resistor SMD 1206 (3216 Metric), square (rectangular) end terminal, IPC_7351 nominal with elongated pad for handsoldering. (Body size source: http://www.tortai-tech.com/upload/download/2011102023233369053.pdf), generated with kicad-footprint-generator")
    (tags "resistor handsolder")
    (path /5C164568)
    (attr smd)
    (fp_text reference R8 (at 0 -1.82 270) (layer F.SilkS)
      (effects (font (size 1 1) (thickness 0.15)))
    )
    (fp_text value 300 (at 0 1.82 270) (layer F.Fab)
      (effects (font (size 1 1) (thickness 0.15)))
    )
    (fp_line (start -1.6 0.8) (end -1.6 -0.8) (layer F.Fab) (width 0.1))
    (fp_line (start -1.6 -0.8) (end 1.6 -0.8) (layer F.Fab) (width 0.1))
    (fp_line (start 1.6 -0.8) (end 1.6 0.8) (layer F.Fab) (width 0.1))
    (fp_line (start 1.6 0.8) (end -1.6 0.8) (layer F.Fab) (width 0.1))
    (fp_line (start -0.602064 -0.91) (end 0.602064 -0.91) (layer F.SilkS) (width 0.12))
    (fp_line (start -0.602064 0.91) (end 0.602064 0.91) (layer F.SilkS) (width 0.12))
    (fp_line (start -2.45 1.12) (end -2.45 -1.12) (layer F.CrtYd) (width 0.05))
    (fp_line (start -2.45 -1.12) (end 2.45 -1.12) (layer F.CrtYd) (width 0.05))
    (fp_line (start 2.45 -1.12) (end 2.45 1.12) (layer F.CrtYd) (width 0.05))
    (fp_line (start 2.45 1.12) (end -2.45 1.12) (layer F.CrtYd) (width 0.05))
    (fp_text user %R (at 0 0 270) (layer F.Fab)
      (effects (font (size 0.8 0.8) (thickness 0.12)))
    )
    (pad 1 smd roundrect (at -1.4875 0 270) (size 1.425 1.75) (layers F.Cu F.Paste F.Mask) (roundrect_rratio 0.175439)
      (net 28 "Net-(R8-Pad1)"))
    (pad 2 smd roundrect (at 1.4875 0 270) (size 1.425 1.75) (layers F.Cu F.Paste F.Mask) (roundrect_rratio 0.175439)
      (net 8 "Net-(J1-Pad8)"))
    (model ${KISYS3DMOD}/Resistor_SMD.3dshapes/R_1206_3216Metric.wrl
      (at (xyz 0 0 0))
      (scale (xyz 1 1 1))
      (rotate (xyz 0 0 0))
    )
  )

  (gr_line (start 52.705 12.065) (end 12.065 12.065) (angle 90) (layer Edge.Cuts) (width 0.15))
  (gr_line (start 52.705 75.565) (end 52.705 12.065) (angle 90) (layer Edge.Cuts) (width 0.15))
  (gr_line (start 12.065 75.565) (end 52.705 75.565) (angle 90) (layer Edge.Cuts) (width 0.15))
  (gr_line (start 12.065 12.065) (end 12.065 75.565) (angle 90) (layer Edge.Cuts) (width 0.15))

  (segment (start 17.145 48.895) (end 13.97 48.895) (width 0.25) (layer B.Cu) (net 6) (status 400000))
  (segment (start 51.435 54.61) (end 48.895 54.61) (width 0.25) (layer B.Cu) (net 6) (tstamp 5C244B61) (status 800000))
  (segment (start 51.435 32.385) (end 51.435 54.61) (width 0.25) (layer B.Cu) (net 6) (tstamp 5C244B60))
  (segment (start 13.335 32.385) (end 51.435 32.385) (width 0.25) (layer B.Cu) (net 6) (tstamp 5C244B5F))
  (segment (start 13.335 48.26) (end 13.335 32.385) (width 0.25) (layer B.Cu) (net 6) (tstamp 5C244B5E))
  (segment (start 13.97 48.895) (end 13.335 48.26) (width 0.25) (layer B.Cu) (net 6) (tstamp 5C244B5D))
  (segment (start 32.385 36.195) (end 44.958 36.195) (width 0.25) (layer F.Cu) (net 7) (status 400000))
  (segment (start 45.027002 55.822002) (end 46.355 57.15) (width 0.25) (layer F.Cu) (net 7) (tstamp 5C243CB0) (status 800000))
  (segment (start 45.027002 36.264002) (end 45.027002 55.822002) (width 0.25) (layer F.Cu) (net 7) (tstamp 5C243CAF))
  (segment (start 44.958 36.195) (end 45.027002 36.264002) (width 0.25) (layer F.Cu) (net 7) (tstamp 5C243CAE))
  (segment (start 48.895 44.6675) (end 49.1125 44.6675) (width 0.25) (layer F.Cu) (net 8) (status C00000))
  (segment (start 50.8 55.245) (end 48.895 57.15) (width 0.25) (layer F.Cu) (net 8) (tstamp 5C244B9A) (status 800000))
  (segment (start 50.8 46.355) (end 50.8 55.245) (width 0.25) (layer F.Cu) (net 8) (tstamp 5C244B98))
  (segment (start 49.1125 44.6675) (end 50.8 46.355) (width 0.25) (layer F.Cu) (net 8) (tstamp 5C244B97) (status 400000))
  (segment (start 41.4925 41.275) (end 44.577 41.275) (width 0.25) (layer F.Cu) (net 9) (status 400000))
  (segment (start 44.577 59.69) (end 46.355 59.69) (width 0.25) (layer F.Cu) (net 9) (tstamp 5C242E0F) (status 800000))
  (segment (start 44.577 41.275) (end 44.577 59.69) (width 0.25) (layer F.Cu) (net 9) (tstamp 5C242E0E))
  (segment (start 46.355 62.23) (end 44.069 62.23) (width 0.25) (layer F.Cu) (net 11) (status 400000))
  (segment (start 44.069 46.355) (end 41.4925 46.355) (width 0.25) (layer F.Cu) (net 11) (tstamp 5C242DAA) (status 800000))
  (segment (start 44.069 62.23) (end 44.069 46.355) (width 0.25) (layer F.Cu) (net 11) (tstamp 5C242DA9))
  (segment (start 48.895 38.9525) (end 51.0175 38.9525) (width 0.25) (layer F.Cu) (net 12) (status 400000))
  (segment (start 51.435 59.69) (end 48.895 62.23) (width 0.25) (layer F.Cu) (net 12) (tstamp 5C244B8A) (status 800000))
  (segment (start 51.435 39.37) (end 51.435 59.69) (width 0.25) (layer F.Cu) (net 12) (tstamp 5C244B89))
  (segment (start 51.0175 38.9525) (end 51.435 39.37) (width 0.25) (layer F.Cu) (net 12) (tstamp 5C244B88))
  (segment (start 46.355 64.77) (end 43.561 64.77) (width 0.25) (layer F.Cu) (net 13) (status 400000))
  (segment (start 43.561 51.435) (end 41.4925 51.435) (width 0.25) (layer F.Cu) (net 13) (tstamp 5C242DA6) (status 800000))
  (segment (start 43.561 64.77) (end 43.561 51.435) (width 0.25) (layer F.Cu) (net 13) (tstamp 5C242DA5))
  (segment (start 46.355 67.31) (end 42.799 67.31) (width 0.25) (layer F.Cu) (net 15) (status 400000))
  (segment (start 42.672 57.6945) (end 41.4925 56.515) (width 0.25) (layer F.Cu) (net 15) (tstamp 5C242DA1) (status 800000))
  (segment (start 42.672 67.183) (end 42.672 57.6945) (width 0.25) (layer F.Cu) (net 15) (tstamp 5C242DA0))
  (segment (start 42.799 67.31) (end 42.672 67.183) (width 0.25) (layer F.Cu) (net 15) (tstamp 5C242D9F))
  (segment (start 17.145 41.275) (end 19.05 41.275) (width 0.25) (layer B.Cu) (net 16) (status 400000))
  (segment (start 51.435 67.31) (end 48.895 67.31) (width 0.25) (layer B.Cu) (net 16) (tstamp 5C244B67) (status 800000))
  (segment (start 51.435 74.93) (end 51.435 67.31) (width 0.25) (layer B.Cu) (net 16) (tstamp 5C244B66))
  (segment (start 19.05 74.93) (end 51.435 74.93) (width 0.25) (layer B.Cu) (net 16) (tstamp 5C244B65))
  (segment (start 19.05 41.275) (end 19.05 74.93) (width 0.25) (layer B.Cu) (net 16) (tstamp 5C244B64))
  (segment (start 41.4925 61.595) (end 41.4925 69.6325) (width 0.25) (layer F.Cu) (net 17) (status 400000))
  (segment (start 41.71 69.85) (end 46.355 69.85) (width 0.25) (layer F.Cu) (net 17) (tstamp 5C242D10) (status 800000))
  (segment (start 41.4925 69.6325) (end 41.71 69.85) (width 0.25) (layer F.Cu) (net 17) (tstamp 5C242D0F))
  (segment (start 17.145 38.735) (end 20.955 38.735) (width 0.25) (layer B.Cu) (net 18) (status 400000))
  (segment (start 50.165 71.12) (end 48.895 69.85) (width 0.25) (layer B.Cu) (net 18) (tstamp 5C244B73) (status 800000))
  (segment (start 50.165 73.025) (end 50.165 71.12) (width 0.25) (layer B.Cu) (net 18) (tstamp 5C244B72))
  (segment (start 49.53 73.66) (end 50.165 73.025) (width 0.25) (layer B.Cu) (net 18) (tstamp 5C244B71))
  (segment (start 43.815 73.66) (end 49.53 73.66) (width 0.25) (layer B.Cu) (net 18) (tstamp 5C244B6F))
  (segment (start 22.86 52.705) (end 43.815 73.66) (width 0.25) (layer B.Cu) (net 18) (tstamp 5C244B6D))
  (segment (start 22.86 40.64) (end 22.86 52.705) (width 0.25) (layer B.Cu) (net 18) (tstamp 5C244B6B))
  (segment (start 20.955 38.735) (end 22.86 40.64) (width 0.25) (layer B.Cu) (net 18) (tstamp 5C244B6A))
  (segment (start 48.895 33.2375) (end 51.8525 33.2375) (width 0.25) (layer F.Cu) (net 20) (status 400000))
  (segment (start 52.07 69.215) (end 48.895 72.39) (width 0.25) (layer F.Cu) (net 20) (tstamp 5C244B7D) (status 800000))
  (segment (start 52.07 33.455) (end 52.07 69.215) (width 0.25) (layer F.Cu) (net 20) (tstamp 5C244B7C))
  (segment (start 51.8525 33.2375) (end 52.07 33.455) (width 0.25) (layer F.Cu) (net 20) (tstamp 5C244B7B))
  (segment (start 38.5175 61.595) (end 33.02 61.595) (width 0.25) (layer F.Cu) (net 21) (status 400000))
  (segment (start 32.385 60.96) (end 32.385 48.895) (width 0.25) (layer F.Cu) (net 21) (tstamp 5C242D14) (status 800000))
  (segment (start 33.02 61.595) (end 32.385 60.96) (width 0.25) (layer F.Cu) (net 21) (tstamp 5C242D13))
  (segment (start 38.5175 56.515) (end 33.655 56.515) (width 0.25) (layer F.Cu) (net 22) (status 400000))
  (segment (start 33.655 46.355) (end 32.385 46.355) (width 0.25) (layer F.Cu) (net 22) (tstamp 5C242D85) (status 800000))
  (segment (start 33.655 56.515) (end 33.655 46.355) (width 0.25) (layer F.Cu) (net 22) (tstamp 5C242D84))
  (segment (start 38.5175 51.435) (end 34.29 51.435) (width 0.25) (layer F.Cu) (net 23) (status 400000))
  (segment (start 34.29 43.815) (end 32.385 43.815) (width 0.25) (layer F.Cu) (net 23) (tstamp 5C242D89) (status 800000))
  (segment (start 34.29 51.435) (end 34.29 43.815) (width 0.25) (layer F.Cu) (net 23) (tstamp 5C242D88))
  (segment (start 38.5175 46.355) (end 34.925 46.355) (width 0.25) (layer F.Cu) (net 24) (status 400000))
  (segment (start 34.925 41.275) (end 32.385 41.275) (width 0.25) (layer F.Cu) (net 24) (tstamp 5C242D8D) (status 800000))
  (segment (start 34.925 46.355) (end 34.925 41.275) (width 0.25) (layer F.Cu) (net 24) (tstamp 5C242D8C))
  (segment (start 38.5175 41.275) (end 35.56 41.275) (width 0.25) (layer F.Cu) (net 25) (status 400000))
  (segment (start 35.56 38.735) (end 32.385 38.735) (width 0.25) (layer F.Cu) (net 25) (tstamp 5C242D97) (status 800000))
  (segment (start 35.56 41.275) (end 35.56 38.735) (width 0.25) (layer F.Cu) (net 25) (tstamp 5C242D96))
  (segment (start 17.145 36.195) (end 17.145 30.48) (width 0.25) (layer F.Cu) (net 26) (status 400000))
  (segment (start 17.3625 30.2625) (end 48.895 30.2625) (width 0.25) (layer F.Cu) (net 26) (tstamp 5C244B78) (status 800000))
  (segment (start 17.145 30.48) (end 17.3625 30.2625) (width 0.25) (layer F.Cu) (net 26) (tstamp 5C244B77))
  (segment (start 17.145 43.815) (end 18.415 43.815) (width 0.25) (layer F.Cu) (net 27) (status 400000))
  (segment (start 47.2075 35.9775) (end 48.895 35.9775) (width 0.25) (layer F.Cu) (net 27) (tstamp 5C244B85) (status 800000))
  (segment (start 46.99 36.195) (end 47.2075 35.9775) (width 0.25) (layer F.Cu) (net 27) (tstamp 5C244B84))
  (segment (start 46.99 31.75) (end 46.99 36.195) (width 0.25) (layer F.Cu) (net 27) (tstamp 5C244B83))
  (segment (start 18.415 31.75) (end 46.99 31.75) (width 0.25) (layer F.Cu) (net 27) (tstamp 5C244B82))
  (segment (start 18.415 43.815) (end 18.415 31.75) (width 0.25) (layer F.Cu) (net 27) (tstamp 5C244B81))
  (segment (start 17.145 46.355) (end 19.05 46.355) (width 0.25) (layer F.Cu) (net 28) (status 400000))
  (segment (start 19.685 45.72) (end 19.685 33.02) (width 0.25) (layer F.Cu) (net 28) (tstamp 5C244B8F))
  (segment (start 19.05 46.355) (end 19.685 45.72) (width 0.25) (layer F.Cu) (net 28) (tstamp 5C244B8E))
  (segment (start 46.355 33.655) (end 46.355 39.1525) (width 0.25) (layer F.Cu) (net 28) (tstamp 5C244B92))
  (segment (start 45.72 33.02) (end 46.355 33.655) (width 0.25) (layer F.Cu) (net 28) (tstamp 5C244B91))
  (segment (start 19.685 33.02) (end 45.72 33.02) (width 0.25) (layer F.Cu) (net 28) (tstamp 5C244B90))
  (segment (start 46.355 39.1525) (end 48.895 41.6925) (width 0.25) (layer F.Cu) (net 28) (tstamp 5C244B93) (status 800000))

)
